1 0 0 0
2 -8.56729e+123 -8.56729e+123 -8.56729e+123
3 -8.56729e+123 -8.56729e+123 -8.56729e+123
4 -8.56729e+123 -8.56729e+123 -8.56729e+123
5 -8.56729e+123 -8.56729e+123 -8.56729e+123
6 -8.56729e+123 -8.56729e+123 -8.56729e+123
7 -8.56729e+123 -8.56729e+123 -8.56729e+123
8 -8.56729e+123 -8.56729e+123 -8.56729e+123
9 -8.56729e+123 -8.56729e+123 -8.56729e+123
10 -8.56729e+123 -8.56729e+123 -8.56729e+123
11 -8.56729e+123 -8.56729e+123 -8.56729e+123
12 -8.56729e+123 -8.56729e+123 -8.56729e+123
13 -8.56729e+123 -8.56729e+123 -8.56729e+123
14 -8.56729e+123 -8.56729e+123 -8.56729e+123
15 -8.56729e+123 -8.56729e+123 -8.56729e+123
16 -8.56729e+123 -8.56729e+123 -8.56729e+123
17 -8.56729e+123 -8.56729e+123 -8.56729e+123
18 -8.56729e+123 -8.56729e+123 -8.56729e+123
19 -8.56729e+123 -8.56729e+123 -8.56729e+123
20 -8.56729e+123 -8.56729e+123 -8.56729e+123
21 -8.56729e+123 -8.56729e+123 -8.56729e+123
22 -8.56729e+123 -8.56729e+123 -8.56729e+123
23 -8.56729e+123 -8.56729e+123 -8.56729e+123
24 -8.56729e+123 -8.56729e+123 -8.56729e+123
25 -8.56729e+123 -8.56729e+123 -8.56729e+123
26 -8.56729e+123 -8.56729e+123 -8.56729e+123
27 -8.56729e+123 -8.56729e+123 -8.56729e+123
28 -8.56729e+123 -8.56729e+123 -8.56729e+123
29 -8.56729e+123 -8.56729e+123 -8.56729e+123
30 -8.56729e+123 -8.56729e+123 -8.56729e+123
31 -8.56729e+123 -8.56729e+123 -8.56729e+123
32 -8.56729e+123 -8.56729e+123 -8.56729e+123
33 -8.56729e+123 -8.56729e+123 -8.56729e+123
34 -8.56729e+123 -8.56729e+123 -8.56729e+123
35 -8.56729e+123 -8.56729e+123 -8.56729e+123
36 -8.56729e+123 -8.56729e+123 -8.56729e+123
37 -8.56729e+123 -8.56729e+123 -8.56729e+123
38 -8.56729e+123 -8.56729e+123 -8.56729e+123
39 -8.56729e+123 -8.56729e+123 -8.56729e+123
40 -8.56729e+123 -8.56729e+123 -8.56729e+123
41 -8.56729e+123 -8.56729e+123 -8.56729e+123
42 -8.56729e+123 -8.56729e+123 -8.56729e+123
43 -8.56729e+123 -8.56729e+123 -8.56729e+123
44 -8.56729e+123 -8.56729e+123 -8.56729e+123
45 -8.56729e+123 -8.56729e+123 -8.56729e+123
46 -8.56729e+123 -8.56729e+123 -8.56729e+123
47 -8.56729e+123 -8.56729e+123 -8.56729e+123
48 -8.56729e+123 -8.56729e+123 -8.56729e+123
49 -8.56729e+123 -8.56729e+123 -8.56729e+123
50 -8.56729e+123 -8.56729e+123 -8.56729e+123
51 -8.56729e+123 -8.56729e+123 -8.56729e+123
52 -8.56729e+123 -8.56729e+123 -8.56729e+123
53 -8.56729e+123 -8.56729e+123 -8.56729e+123
54 -8.56729e+123 -8.56729e+123 -8.56729e+123
55 -8.56729e+123 -8.56729e+123 -8.56729e+123
