1 0.662907 -0.941935 -0.00231073
2 -0.709462 -0.031987 -0.00016798
3 2.41104 5.35476 -0.000257186
4 1.99835 0.458523 -0.00016851
5 0.753827 1.73638 -7.86918e-005
6 -1.4149 -0.0756243 2.57553e-005
7 -1.8124 3.18769 -0.000985363
8 -1.9867 0.29664 -8.33661e-005
9 -2.01371 -0.0976694 0.000141739
10 -2.4179 1.09005 0.00080727
11 -2.05493 -1.00879 0.000925792
12 -0.977591 -1.9961 0.00172408
13 1.44942 -1.27223 0.000679002
14 0.936217 -2.15063 -0.000713662
15 -0.0955005 0.0691253 -0.000674956
16 0.470934 -1.03829 -0.000344259
17 0.766928 -2.34258 0.00114219
18 -2.57399 0.291472 -0.000270134
19 -1.20436 0.127932 -0.000168776
20 0.194064 -1.2181 0.000503397
21 -1.14453 -1.88435 -0.000104724
22 0.85822 0.0843008 -0.000663671
23 -0.428304 -0.424875 0.000575052
24 -0.793557 -0.498253 -0.000124052
25 -0.489193 0.233716 0.000227592
26 -1.8809 0.0683445 0.0002607
27 -0.646996 0.560118 6.77401e-006
28 -0.551533 0.0613104 0.000792611
29 -1.31858 -0.807116 -4.53091e-005
30 -0.526863 -0.371742 -0.000415654
31 -1.37624 0.236438 0.00070895
32 -1.56516 -0.717157 0.000940544
33 -0.992811 -1.59612 0.000914371
34 -1.10462 2.1539 0.000224962
35 -0.961486 -0.638913 0.000837321
36 -1.40594 -1.16513 0.000631773
37 -1.56278 0.737376 -0.000260644
38 -0.594752 -0.697131 -0.000157018
39 -0.913779 -1.2428 -0.000658071
40 -1.40646 -0.452983 0.000315189
41 -3.65586 -0.145103 0.00161769
42 -4.30879 0.00949623 0.000447657
43 -1.97846 0.104463 0.000919004
44 -1.5925 0.440304 0.000731521
45 -1.8352 -0.528326 -0.000227732
46 -1.05476 -0.409031 0.000340758
47 -0.00679947 0.356391 -0.000217048
48 -0.394378 -0.517471 -0.000333033
49 -1.86584 -1.57761 -0.000159663
50 -1.33754 0.0928765 -0.000203302
51 -2.01962 0.323738 0.000319421
52 -3.7979 -2.17081 0.00103074
53 -2.66204 0.306967 0.000232862
54 0.3479 0.826359 -0.000488371
55 -1.52791 -2.43883 0.000388577
